0 50
1 48
2 2
3 29
4 7
5 8
6 23
7 80
8 73
9 15
10 39
11 25
12 85
13 44
14 53
15 67
16 60
17 98
18 44
19 5
20 75
21 55
22 2
23 90
24 56
25 47
26 4
27 2
28 13
29 30
30 13
31 51
32 92
33 94
34 41
35 3
36 22
37 67
38 56
39 84
40 96
41 42
42 53
43 3
44 52
45 50
46 39
47 30
48 30
49 23
50 44
51 83
52 78
53 32
54 70
55 24
56 61
57 3
58 34
59 55
60 83
61 31
62 21
63 46
64 94
65 71
66 61
67 47
68 72
69 6
70 28
71 23
72 30
73 87
74 55
75 57
76 95
77 59
78 4
79 80
80 4
81 87
82 97
83 9
84 22
85 45
86 99
87 84
88 68
89 4
90 96
91 31
92 72
93 87
94 56
95 9
96 1
97 72
98 60
99 72
