0 40
1 54
2 75
3 38
4 19
5 61
6 77
7 6
8 30
9 43
10 61
11 53
12 95
13 48
14 88
15 12
16 83
17 22
18 25
19 57
20 44
21 72
22 91
23 68
24 67
25 87
26 9
27 34
28 28
29 52
30 41
31 29
32 48
33 66
34 74
35 90
36 68
37 94
38 25
39 5
40 84
41 86
42 53
43 13
44 45
45 95
46 11
47 56
48 52
49 95
50 63
51 61
52 52
53 70
54 6
55 22
56 47
57 60
58 39
59 23
60 76
61 7
62 99
63 6
64 35
65 10
66 10
67 48
68 2
69 28
70 70
71 54
72 3
73 19
74 34
75 24
76 71
77 28
78 100
79 71
80 58
81 35
82 73
83 80
84 47
85 29
86 81
87 100
88 49
89 30
90 11
91 3
92 44
93 58
94 3
95 66
96 33
97 30
98 35
99 54
